1
25202
32743
38019
53364
47299
36115
18855
35052
6060
18883
38471
30173
21197
52098
26094
52354
342
6301
21451
21638
17271
43385
15855
34277
5643
23478
15842
33369
22028
17673
6928
45856
20307
7342
43103
47451
10099
47712
4315
15876
27886
48595
13242
30465
12429
32413
29233
32429
46753
31356
47929
43352
16581
27637
15015
42855
16653
33692
6114
5670
21876
9302
4091
16283
12509
39358
14535
40872
38893
52819
42809
37720
35554
12854
50710
32685
41490
16203
46870
32618
24108
39178
3938
29131
9165
49689
22179
17036
29566
14717
30929
23317
37408
45234
13841
9654
12504
39898
31516
950
48303
32190
38889
33322
34393
45915
35080
30302
50709
6487
2754
3476
7357
39308
871
38034
27018
27618
42520
16510
19345
3118
15304
44739
33548
2447
48897
10642
27803
6441
52280
34364
5361
45559
16096
27043
13436
13770
11106
26037
14098
38655
38661
19393
31046
30095
51338
27809
9560
22601
7709
47639
40671
6364
51409
18478
10183
50053
46881
3034
6237
52069
41666
35292
27854
5157
16989
24095
21548
48206
15455
14825
43287
39628
24572
40762
24079
14275
40242
14083
18232
52660
30415
28882
7019
7046
22420
43842
18323
13228
49297
7048
30052
37765
38852
41448
39231
53201
10830
20538
26323
43134
27410
34281
31925
19499
41971
408
21745
38111
6496
35278
52252
47620
16840
40085
18954
30643
32508
41415
49337
18587
17527
11661
41225
45954
1468
29686
16412
48261
6383
26878
26710
45687
14978
46545
26883
46861
8235
35332
6654
38407
20653
41172
9683
264
47277
34536
2910
30447
7086
16175
11290
42861
44299
41988
44896
43861
39676
45233
51884
43292
20886
9097
26
------------------------------
1
25202
32743
38019
53364
47299
36115
18855
35052
6060
18883
38471
30173
21197
52098
26094
52354
342
6301
21451
21638
17271
43385
15855
34277
5643
23478
15842
33369
22028
17673
6928
45856
20307
7342
43103
47451
10099
47712
4315
15876
27886
48595
13242
30465
12429
32413
29233
32429
46753
31356
47929
43352
16581
27637
15015
42855
16653
33692
6114
5670
21876
9302
4091
16283
12509
39358
14535
40872
38893
52819
42809
37720
35554
12854
50710
32685
41490
16203
46870
32618
24108
39178
3938
29131
9165
49689
22179
17036
29566
14717
30929
23317
37408
45234
13841
9654
12504
39898
31516
950
48303
32190
38889
33322
34393
45915
35080
30302
50709
6487
2754
3476
7357
39308
871
38034
27018
27618
42520
16510
19345
3118
15304
44739
33548
2447
48897
10642
27803
6441
52280
34364
5361
45559
16096
27043
13436
13770
11106
26037
14098
38655
38661
19393
31046
30095
51338
27809
9560
22601
7709
47639
40671
6364
51409
18478
10183
50053
46881
3034
6237
52069
41666
35292
27854
5157
16989
24095
21548
48206
15455
14825
43287
39628
24572
40762
24079
14275
40242
14083
18232
52660
30415
28882
7019
7046
22420
43842
18323
13228
49297
7048
30052
37765
38852
41448
39231
53201
10830
20538
26323
43134
27410
34281
31925
19499
41971
408
21745
38111
6496
35278
52252
47620
16840
40085
18954
30643
32508
41415
49337
18587
17527
11661
41225
45954
1468
29686
16412
48261
6383
26878
26710
45687
14978
46545
26883
46861
8235
35332
6654
38407
20653
41172
9683
264
47277
34536
2910
30447
7086
16175
11290
42861
44299
41988
44896
43861
39676
45233
51884
43292
20886
9097
26
------------------------------
1
25202
32743
38019
53364
47299
36115
18855
35052
6060
18883
38471
30173
21197
52098
26094
52354
342
6301
21451
21638
17271
43385
15855
34277
5643
23478
15842
33369
22028
17673
6928
45856
20307
7342
43103
47451
10099
47712
4315
15876
27886
48595
13242
30465
12429
32413
29233
32429
46753
31356
47929
43352
16581
27637
15015
42855
16653
33692
6114
5670
21876
9302
4091
16283
12509
39358
14535
40872
38893
52819
42809
37720
35554
12854
50710
32685
41490
16203
46870
32618
24108
39178
3938
29131
9165
49689
22179
17036
29566
14717
30929
23317
37408
45234
13841
9654
12504
39898
31516
950
48303
32190
38889
33322
34393
45915
35080
30302
50709
6487
2754
3476
7357
39308
871
38034
27018
27618
42520
16510
19345
3118
15304
44739
33548
2447
48897
10642
27803
6441
52280
34364
5361
45559
16096
27043
13436
13770
11106
26037
14098
38655
38661
19393
31046
30095
51338
27809
9560
22601
7709
47639
40671
6364
51409
18478
10183
50053
46881
3034
6237
52069
41666
35292
27854
5157
16989
24095
21548
48206
15455
14825
43287
39628
24572
40762
24079
14275
40242
14083
18232
52660
30415
28882
7019
7046
22420
43842
18323
13228
49297
7048
30052
37765
38852
41448
39231
53201
10830
20538
26323
43134
27410
34281
31925
19499
41971
408
21745
38111
6496
35278
52252
47620
16840
40085
18954
30643
32508
41415
49337
18587
17527
11661
41225
45954
1468
29686
16412
48261
6383
26878
26710
45687
14978
46545
26883
46861
8235
35332
6654
38407
20653
41172
9683
264
47277
34536
2910
30447
7086
16175
11290
42861
44299
41988
44896
43861
39676
45233
51884
43292
20886
9097
26
------------------------------
1
25202
32743
38019
53364
47299
36115
18855
35052
6060
18883
38471
30173
21197
52098
26094
52354
342
6301
21451
21638
17271
43385
15855
34277
5643
23478
15842
33369
22028
17673
6928
45856
20307
7342
43103
47451
10099
47712
4315
15876
27886
48595
13242
30465
12429
32413
29233
32429
46753
31356
47929
43352
16581
27637
15015
42855
16653
33692
6114
5670
21876
9302
4091
16283
12509
39358
14535
40872
38893
52819
42809
37720
35554
12854
50710
32685
41490
16203
46870
32618
24108
39178
3938
29131
9165
49689
22179
17036
29566
14717
30929
23317
37408
45234
13841
9654
12504
39898
31516
950
48303
32190
38889
33322
34393
45915
35080
30302
50709
6487
2754
3476
7357
39308
871
38034
27018
27618
42520
16510
19345
3118
15304
44739
33548
2447
48897
10642
27803
6441
52280
34364
5361
45559
16096
27043
13436
13770
11106
26037
14098
38655
38661
19393
31046
30095
51338
27809
9560
22601
7709
47639
40671
6364
51409
18478
10183
50053
46881
3034
6237
52069
41666
35292
27854
5157
16989
24095
21548
48206
15455
14825
43287
39628
24572
40762
24079
14275
40242
14083
18232
52660
30415
28882
7019
7046
22420
43842
18323
13228
49297
7048
30052
37765
38852
41448
39231
53201
10830
20538
26323
43134
27410
34281
31925
19499
41971
408
21745
38111
6496
35278
52252
47620
16840
40085
18954
30643
32508
41415
49337
18587
17527
11661
41225
45954
1468
29686
16412
48261
6383
26878
26710
45687
14978
46545
26883
46861
8235
35332
6654
38407
20653
41172
9683
264
47277
34536
2910
30447
7086
16175
11290
42861
44299
41988
44896
43861
39676
45233
51884
43292
20886
9097
26
------------------------------
1
25202
32743
38019
53364
47299
36115
18855
35052
6060
18883
38471
30173
21197
52098
26094
52354
342
6301
21451
21638
17271
43385
15855
34277
5643
23478
15842
33369
22028
17673
6928
45856
20307
7342
43103
47451
10099
47712
4315
15876
27886
48595
13242
30465
12429
32413
29233
32429
46753
31356
47929
43352
16581
27637
15015
42855
16653
33692
6114
5670
21876
9302
4091
16283
12509
39358
14535
40872
38893
52819
42809
37720
35554
12854
50710
32685
41490
16203
46870
32618
24108
39178
3938
29131
9165
49689
22179
17036
29566
14717
30929
23317
37408
45234
13841
9654
12504
39898
31516
950
48303
32190
38889
33322
34393
45915
35080
30302
50709
6487
2754
3476
7357
39308
871
38034
27018
27618
42520
16510
19345
3118
15304
44739
33548
2447
48897
10642
27803
6441
52280
34364
5361
45559
16096
27043
13436
13770
11106
26037
14098
38655
38661
19393
31046
30095
51338
27809
9560
22601
7709
47639
40671
6364
51409
18478
10183
50053
46881
3034
6237
52069
41666
35292
27854
5157
16989
24095
21548
48206
15455
14825
43287
39628
24572
40762
24079
14275
40242
14083
18232
52660
30415
28882
7019
7046
22420
43842
18323
13228
49297
7048
30052
37765
38852
41448
39231
53201
10830
20538
26323
43134
27410
34281
31925
19499
41971
408
21745
38111
6496
35278
52252
47620
16840
40085
18954
30643
32508
41415
49337
18587
17527
11661
41225
45954
1468
29686
16412
48261
6383
26878
26710
45687
14978
46545
26883
46861
8235
35332
6654
38407
20653
41172
9683
264
47277
34536
2910
30447
7086
16175
11290
42861
44299
41988
44896
43861
39676
45233
51884
43292
20886
9097
26
------------------------------
1
25202
32743
38019
53364
47299
36115
18855
35052
6060
18883
38471
30173
21197
52098
26094
52354
342
6301
21451
21638
17271
43385
15855
34277
5643
23478
15842
33369
22028
17673
6928
45856
20307
7342
43103
47451
10099
47712
4315
15876
27886
48595
13242
30465
12429
32413
29233
32429
46753
31356
47929
43352
16581
27637
15015
42855
16653
33692
6114
5670
21876
9302
4091
16283
12509
39358
14535
40872
38893
52819
42809
37720
35554
12854
50710
32685
41490
16203
46870
32618
24108
39178
3938
29131
9165
49689
22179
17036
29566
14717
30929
23317
37408
45234
13841
9654
12504
39898
31516
950
48303
32190
38889
33322
34393
45915
35080
30302
50709
6487
2754
3476
7357
39308
871
38034
27018
27618
42520
16510
19345
3118
15304
44739
33548
2447
48897
10642
27803
6441
52280
34364
5361
45559
16096
27043
13436
13770
11106
26037
14098
38655
38661
19393
31046
30095
51338
27809
9560
22601
7709
47639
40671
6364
51409
18478
10183
50053
46881
3034
6237
52069
41666
35292
27854
5157
16989
24095
21548
48206
15455
14825
43287
39628
24572
40762
24079
14275
40242
14083
18232
52660
30415
28882
7019
7046
22420
43842
18323
13228
49297
7048
30052
37765
38852
41448
39231
53201
10830
20538
26323
43134
27410
34281
31925
19499
41971
408
21745
38111
6496
35278
52252
47620
16840
40085
18954
30643
32508
41415
49337
18587
17527
11661
41225
45954
1468
29686
16412
48261
6383
26878
26710
45687
14978
46545
26883
46861
8235
35332
6654
38407
20653
41172
9683
264
47277
34536
2910
30447
7086
16175
11290
42861
44299
41988
44896
43861
39676
45233
51884
43292
20886
9097
26
------------------------------
1
25202
32743
38019
53364
47299
36115
18855
35052
6060
18883
38471
30173
21197
52098
26094
52354
342
6301
21451
21638
17271
43385
15855
34277
5643
23478
15842
33369
22028
17673
6928
45856
20307
7342
43103
47451
10099
47712
4315
15876
27886
48595
13242
30465
12429
32413
29233
32429
46753
31356
47929
43352
16581
27637
15015
42855
16653
33692
6114
5670
21876
9302
4091
16283
12509
39358
14535
40872
38893
52819
42809
37720
35554
12854
50710
32685
41490
16203
46870
32618
24108
39178
3938
29131
9165
49689
22179
17036
29566
14717
30929
23317
37408
45234
13841
9654
12504
39898
31516
950
48303
32190
38889
33322
34393
45915
35080
30302
50709
6487
2754
3476
7357
39308
871
38034
27018
27618
42520
16510
19345
3118
15304
44739
33548
2447
48897
10642
27803
6441
52280
34364
5361
45559
16096
27043
13436
13770
11106
26037
14098
38655
38661
19393
31046
30095
51338
27809
9560
22601
7709
47639
40671
6364
51409
18478
10183
50053
46881
3034
6237
52069
41666
35292
27854
5157
16989
24095
21548
48206
15455
14825
43287
39628
24572
40762
24079
14275
40242
14083
18232
52660
30415
28882
7019
7046
22420
43842
18323
13228
49297
7048
30052
37765
38852
41448
39231
53201
10830
20538
26323
43134
27410
34281
31925
19499
41971
408
21745
38111
6496
35278
52252
47620
16840
40085
18954
30643
32508
41415
49337
18587
17527
11661
41225
45954
1468
29686
16412
48261
6383
26878
26710
45687
14978
46545
26883
46861
8235
35332
6654
38407
20653
41172
9683
264
47277
34536
2910
30447
7086
16175
11290
42861
44299
41988
44896
43861
39676
45233
51884
43292
20886
9097
26
------------------------------
1
25202
32743
38019
53364
47299
36115
18855
35052
6060
18883
38471
30173
21197
52098
26094
52354
342
6301
21451
21638
17271
43385
15855
34277
5643
23478
15842
33369
22028
17673
6928
45856
20307
7342
43103
47451
10099
47712
4315
15876
27886
48595
13242
30465
12429
32413
29233
32429
46753
31356
47929
43352
16581
27637
15015
42855
16653
33692
6114
5670
21876
9302
4091
16283
12509
39358
14535
40872
38893
52819
42809
37720
35554
12854
50710
32685
41490
16203
46870
32618
24108
39178
3938
29131
9165
49689
22179
17036
29566
14717
30929
23317
37408
45234
13841
9654
12504
39898
31516
950
48303
32190
38889
33322
34393
45915
35080
30302
50709
6487
2754
3476
7357
39308
871
38034
27018
27618
42520
16510
19345
3118
15304
44739
33548
2447
48897
10642
27803
6441
52280
34364
5361
45559
16096
27043
13436
13770
11106
26037
14098
38655
38661
19393
31046
30095
51338
27809
9560
22601
7709
47639
40671
6364
51409
18478
10183
50053
46881
3034
6237
52069
41666
35292
27854
5157
16989
24095
21548
48206
15455
14825
43287
39628
24572
40762
24079
14275
40242
14083
18232
52660
30415
28882
7019
7046
22420
43842
18323
13228
49297
7048
30052
37765
38852
41448
39231
53201
10830
20538
26323
43134
27410
34281
31925
19499
41971
408
21745
38111
6496
35278
52252
47620
16840
40085
18954
30643
32508
41415
49337
18587
17527
11661
41225
45954
1468
29686
16412
48261
6383
26878
26710
45687
14978
46545
26883
46861
8235
35332
6654
38407
20653
41172
9683
264
47277
34536
2910
30447
7086
16175
11290
42861
44299
41988
44896
43861
39676
45233
51884
43292
20886
9097
26
------------------------------
26
32543
49182
45479
26667
3827
1700
52595
34329
339
51543
41225
45954
1468
29686
16412
48261
6383
26878
26710
45687
14978
46545
26883
46861
8235
35332
6654
38407
20653
41172
9683
264
47277
34536
2910
50719
19896
44973
8610
19001
2967
22978
30196
3803
34503
14088
52146
38794
34036
6312
42416
46346
21748
41436
22477
5066
12379
30212
14182
24213
16969
22367
5806
48117
34095
30491
41216
10425
1013
42458
46566
48145
53401
286
33492
6396
48097
49465
24059
23543
24763
25998
9789
12138
3057
32168
27496
17891
42764
6692
37010
30017
13406
11395
47554
38660
22022
50037
29679
4395
43687
37984
41911
4000
32765
15998
42668
35893
28179
28461
5007
36511
17318
1278
18341
22451
6244
33396
18314
6920
19899
51243
43763
962
39512
39134
12874
34480
27794
17682
36950
20281
37459
6366
30854
20846
11641
49976
1231
33773
8311
39242
45717
52523
34367
47079
7398
11793
45605
9206
1503
30397
49525
32927
2480
45105
8317
31444
14671
43727
11190
1549
11137
21840
38151
40994
9995
4122
17924
52319
45365
28807
41438
17987
41346
466
39124
42748
13256
20164
49531
16074
42571
31725
2720
28107
12410
2033
2689
37617
21610
6569
29965
38156
47004
26972
32936
35281
32822
37781
31282
35341
27070
35688
13
35622
5656
36032
21845
10494
13939
39888
22482
26900
44241
7332
14549
51253
51955
8600
29150
30259
2506
43521
45030
28121
48161
42609
53152
36157
4076
50413
48124
5943
39825
1440
6982
51308
10330
4225
45615
43526
14211
22793
37051
39184
29760
20838
51794
22825
35463
16726
46914
47139
25320
29959
22385
30271
49826
19226
18542
43104
40422
28158
30894
13062
48503
19566
37615
34408
50749
41345
43887
49204
46819
26623
29072
32993
18293
17367
6732
10443
41260
9634
36969
4554
39277
38855
46447
27087
19840
29786
8729
2549
26155
27764
16415
7622
25881
23665
9295
51670
27796
------------------------------
