1
25202
32743
38019
53364
47299
36115
18855
35052
6060
18883
38471
30173
21197
52098
26094
52354
342
3281
29740
20990
41959
45105
8317
31444
14671
43727
11190
1549
11137
21840
38151
40994
9995
4122
17924
52319
45365
28807
41438
17987
41346
466
9261
14891
1943
2866
5695
14616
47736
21544
14271
2591
38494
26663
34084
43721
46251
44892
4101
13609
18991
33137
5668
10688
9425
44511
25461
25411
2759
30106
8888
52253
5712
16749
9154
11740
22137
36007
8803
14337
13528
36361
37921
3236
31642
1723
13454
46960
46974
52377
48221
19101
2112
44364
2286
16535
38737
20196
36860
20518
52742
51374
5431
31091
2861
28428
811
38579
387
48089
7755
6062
46638
1058
3157
148
------------------------------
148
40045
35951
19448
43879
33188
27759
43235
45305
53589
15195
17316
38432
2010
21499
26038
33137
5668
10688
9425
44511
25461
25411
2759
38593
43057
45022
41478
9218
3131
40878
47133
725
10154
34149
29022
40146
37926
47312
10750
11837
23093
19688
50808
10477
38584
34449
23197
19223
23290
51401
50807
19095
25493
47974
38211
3564
43949
48538
19060
19215
6436
33447
8429
48646
5689
7442
8533
29965
38156
47004
26972
32936
35281
32822
37781
31282
35341
27070
35688
13
35622
5656
36032
21845
10494
13939
39888
22482
26900
44241
7332
14549
51253
51955
8600
29150
30259
2506
43521
45030
28121
48161
42609
53152
36157
4076
50413
48124
5943
39825
1440
6982
51308
10330
4225
45615
43526
14211
22793
37051
39184
29760
20838
51794
22825
35463
16726
46914
47139
25320
29959
22385
30271
49826
19226
18542
43104
40422
28158
30894
13062
48503
19566
37615
34408
50749
41345
43887
49204
46819
26623
29072
32993
18293
17367
6732
10443
41260
9634
36969
4554
39277
38855
46447
27087
19840
29786
8729
2549
26155
27764
16415
7622
25881
23665
9295
51670
27796
------------------------------
