1
25202
32743
38019
53364
47299
36115
18855
35052
6060
18883
38471
30173
21197
52098
26094
52354
342
3281
29740
20990
41959
45105
8317
31444
14671
43727
11190
1549
11137
21840
38151
40994
9995
4122
17924
52319
45365
28807
41438
17987
41346
466
39124
42748
13256
20164
49531
16074
42571
31725
2720
28107
12410
2033
2689
37617
21610
6569
29965
38156
47004
26972
32936
35281
32822
37781
31282
35341
27070
35688
13
35622
5656
36032
21845
10494
13939
39888
53031
991
4800
48495
21484
36266
10853
34821
42626
27742
22742
38362
11002
28075
11099
25390
22225
32487
52848
24768
4849
8852
34495
22029
6917
19550
32563
8213
11707
32850
1128
3816
4836
39669
47296
7125
26560
1432
40354
45661
38518
50328
12719
14291
20955
15010
43586
39766
2938
19284
30689
38142
45586
3605
19742
37995
27158
7348
41085
29759
32964
34890
44710
40619
21790
9947
19551
39525
284
19862
43679
11910
41282
44645
41016
37871
7884
44096
47590
49613
21874
6168
487
26524
38707
41341
4420
25030
45936
47423
27328
5241
29261
8919
24973
1623
4047
33718
33115
13890
45253
46095
30508
24584
12167
42414
39830
53118
24663
21165
39985
52917
32633
27347
10184
23671
52614
22972
36899
35775
28406
1112
31073
32939
42388
8958
29422
36072
12985
26209
31934
26618
34139
53450
18905
44065
500
------------------------------
500
29247
23944
38397
51960
37729
3619
7334
26209
31934
26618
34139
53450
18905
44065
4740
44631
13580
50334
15532
35066
18228
31262
27319
30530
312
53456
36381
27855
3515
50703
43520
8808
27703
30494
41824
21510
49602
52388
41860
19948
38224
40709
9742
22368
51650
21301
11124
31907
11373
1611
20418
38213
34686
10396
50095
16105
21787
5403
28276
3929
28987
30839
26953
9176
15875
16561
646
19303
12401
9086
11251
39157
20104
20586
41005
10956
20914
27771
3147
11809
46983
41314
35402
8370
44228
33084
40354
45661
38518
50328
12719
37885
36123
38462
42383
19734
2420
14957
20174
18513
45674
10332
27893
28245
2979
44229
33798
46666
14461
52309
8819
45777
20918
31156
25361
45104
19100
3250
16529
1242
39457
26283
31477
35206
15186
14415
11731
32287
5130
6898
30919
49286
19121
3453
44666
1648
25483
28199
10289
46258
33270
3335
42743
5639
19544
31761
37615
34408
50749
41345
43887
49204
46819
26623
29072
32993
18293
17367
6732
10443
41260
9634
36969
4554
39277
38855
46447
27087
19840
29786
8729
2549
26155
27764
16415
7622
25881
23665
9295
51670
27796
------------------------------
