1
25202
32743
38019
53364
47299
36115
18855
35052
6060
18883
38471
30173
21197
52098
26094
52354
342
3281
29740
20990
41959
45105
8317
31444
14671
43727
11190
1549
11137
21840
38151
40994
9995
4122
17924
52319
45365
28807
41438
17987
41346
466
39124
42748
13256
20164
49531
16074
42571
31725
2720
28107
12410
2033
2689
37617
21610
6569
29965
38156
47004
26972
32936
35281
32822
37781
31282
35341
27070
35688
13
35622
5656
36032
21845
10494
13939
39888
53031
991
4800
48495
21484
36266
10853
34821
42626
27742
22742
38362
11002
28075
11099
25390
22225
32487
52848
24768
4849
8852
34495
22029
6917
19550
32563
8213
11707
32850
1128
3816
4836
39669
47296
7125
1890
20752
24498
45911
12726
8861
36541
4277
6008
35597
22283
46795
44221
48201
14583
27454
1100
------------------------------
1100
102
41705
22551
52778
44257
27619
2426
7974
44531
43311
30785
25044
412
39457
26283
31477
35206
15186
14415
11731
32287
5130
6898
30919
49286
19121
3453
44666
1648
25483
28199
10289
46258
33270
3335
42743
5639
19544
31761
37615
34408
50749
41345
43887
49204
46819
26623
29072
32993
18293
17367
6732
10443
41260
9634
36969
4554
39277
38855
46447
27087
19840
29786
8729
2549
26155
27764
16415
7622
25881
23665
9295
51670
27796
------------------------------
