1
25202
32743
38019
53364
47299
36115
18855
35052
6060
18883
38471
30173
21197
52098
26094
52354
342
6301
21451
21638
17271
11447
35599
2997
3365
17309
29286
32471
2975
29240
20952
51947
7630
27055
19824
50868
31723
24809
32464
45360
32650
16834
10573
4935
5162
43485
40824
49732
26148
47118
37694
29405
29133
38758
49708
13662
25512
36385
48080
37591
12714
6296
27510
32694
47079
7398
11793
45605
9206
1503
4231
24864
28314
8790
43402
26844
------------------------------
26844
33239
44476
16947
42538
44830
41287
7781
47327
23111
34067
38124
4599
4962
16042
41153
45135
88
185
38550
23550
51714
52266
12652
52123
48839
30845
47512
36730
31209
15922
40662
29368
8681
28380
10125
2621
21364
21680
9120
8237
37316
1164
32751
33127
53396
27338
47443
21186
19917
32347
45244
18776
25656
40295
28469
9666
14459
43543
38631
13759
8794
5855
40911
17862
31951
31362
30268
23037
40159
4641
22223
30700
47525
31904
9311
30145
23091
2093
51411
1526
15997
32748
40282
40163
24116
25394
35768
32670
49153
16608
11013
28693
39300
20431
5079
50071
32449
163
46302
6326
7395
34787
43883
1480
11224
6212
49036
10379
28445
2803
47264
36414
12982
52015
23376
4561
50767
4099
14573
16647
50508
5279
49660
46338
45537
51450
26445
47462
7859
17627
16077
17165
21352
35162
9533
308
42918
39774
15730
44931
44607
19045
4850
15183
10542
52891
32054
37223
4802
6465
6695
41913
8371
23657
29249
16167
19474
27828
18428
42449
11079
23630
32282
18310
42418
50060
19534
4305
36622
5513
1751
33650
37214
20930
39815
36945
29715
4751
18793
35212
48639
43086
47139
25320
29959
22385
30271
49826
19226
18542
43104
40422
28158
30894
13062
48503
19566
37615
34408
50749
41345
43887
49204
46819
26623
29072
32993
18293
17367
6732
10443
41260
9634
36969
4554
39277
38855
46447
27087
19840
29786
8729
2549
26155
27764
16415
7622
25881
23665
9295
51670
27796
------------------------------
