1
25202
32743
38019
53364
47299
36115
18855
35052
6060
18883
38471
30173
21197
52098
26094
52354
342
3281
29740
20990
41959
45105
8317
31444
14671
43727
11190
1549
11137
21840
38151
40994
9995
4122
17924
52319
45365
28807
41438
17987
41346
466
39124
42748
13256
20164
49531
16074
42571
31725
2720
28107
12410
2033
2689
37617
21610
6569
29965
38156
47004
26972
32936
35281
32822
37781
31282
35341
27070
11194
2190
16062
1889
51687
49377
14319
45439
22576
14961
19721
37556
25783
3005
48373
2324
18016
44059
22764
33558
14099
9702
40483
15505
8374
33197
49767
13380
46748
46727
3360
5324
39379
14228
27722
33169
2345
12961
25667
17456
4494
21925
22834
20716
12736
46879
24766
5097
7957
25841
27348
24467
29432
23388
44401
7686
10429
43742
4657
15402
40048
15656
36004
39334
13969
17890
7542
19481
11043
30273
51438
50737
51899
4393
32844
4525
15311
39973
38284
49370
29626
34467
7521
27599
15974
51952
51667
27277
22017
33531
7402
11261
37734
37249
13182
11218
52657
19620
20039
6813
2925
47251
25067
47837
19462
3926
30717
47578
37088
41081
29693
27632
50529
36822
19463
30930
39115
100
------------------------------
100
33066
3145
15838
5352
7568
12296
4175
20039
6813
2925
47251
25067
47837
19462
3926
30717
47578
48509
49341
18446
26715
27559
15055
47709
41620
1352
17532
46751
26392
5042
15443
23836
1691
51700
52687
6622
10208
28970
43231
21899
14068
26443
9254
14749
27780
47764
20971
37161
25601
32238
3364
19420
42803
5545
35436
5768
3007
9488
13315
50089
39895
21446
35658
11295
25406
14228
53228
5617
1687
46718
16499
40912
36322
25729
3310
38601
51798
8181
25236
46194
49211
46701
42386
49395
42626
27742
2371
31846
46473
32761
22857
33889
24375
43290
14639
50955
27541
19349
49209
5399
33756
49490
16246
3077
7602
45186
23054
19281
15707
12897
18318
22506
11239
9602
20612
10308
33814
34695
80
------------------------------
