0
1
6
11
12
------------------------------
12
13
18
23
24
------------------------------
0
1
2
11
12
------------------------------
12
13
14
23
24
------------------------------
0
1
2
3
4
5
6
7
8
9
10
11
12
------------------------------
24
------------------------------
0
1
6
11
12
------------------------------
12
13
18
23
24
------------------------------
0
1
2
11
12
------------------------------
12
13
14
23
24
------------------------------
0
1
2
3
4
5
6
7
8
9
10
11
12
------------------------------
24
------------------------------
1
25202
32743
38019
53364
47299
36115
18855
35052
6060
18883
38471
30173
21197
52098
26094
52354
342
6301
21451
21638
17271
43385
15855
34277
5643
23478
15842
33369
22028
17673
6928
45856
20307
7342
43103
47451
10099
47712
4315
15876
27886
48595
13242
30465
12429
32413
29233
32429
46753
31356
47929
43352
16581
27637
15015
42855
16653
33692
6114
5670
21876
9302
4091
16283
12509
39358
14535
40872
38893
52819
42809
37720
35554
12854
50710
32685
41490
16203
46870
32618
24108
39178
3938
29131
9165
49689
22179
17036
29566
14717
30929
23317
37408
45234
13841
9654
12504
39898
31516
950
48303
32190
38889
33322
34393
45915
35080
30302
50709
6487
2754
3476
7357
39308
871
38034
27018
27618
42520
16510
19345
3118
15304
44739
33548
2447
48897
10642
27803
6441
52280
34364
5361
45559
16096
27043
13436
13770
11106
26037
14098
38655
38661
19393
31046
30095
51338
27809
9560
22601
7709
47639
40671
6364
51409
18478
10183
50053
46881
3034
6237
52069
41666
35292
27854
5157
16989
24095
21548
48206
15455
14825
43287
39628
24572
40762
24079
14275
40242
14083
18232
52660
30415
28882
7019
7046
22420
43842
18323
13228
49297
7048
30052
37765
38852
41448
39231
53201
10830
20538
26323
43134
27410
34281
31925
19499
41971
408
21745
38111
6496
35278
52252
47620
16840
40085
18954
30643
32508
41415
49337
18587
17527
11661
41225
45954
1468
29686
16412
48261
6383
26878
26710
45687
14978
46545
26883
46861
8235
35332
6654
38407
20653
41172
9683
264
47277
34536
2910
30447
7086
16175
11290
42861
44299
41988
44896
43861
39676
45233
51884
43292
20886
9097
26
------------------------------
26
32543
49182
45479
26667
3827
1700
52595
34329
339
51543
41225
45954
1468
29686
16412
48261
6383
26878
26710
45687
14978
46545
26883
46861
8235
35332
6654
38407
20653
41172
9683
264
47277
34536
2910
50719
19896
44973
8610
19001
2967
22978
30196
3803
34503
14088
52146
38794
34036
6312
42416
46346
21748
41436
22477
5066
12379
30212
14182
24213
16969
22367
5806
48117
34095
30491
41216
10425
1013
42458
46566
48145
53401
286
33492
6396
48097
49465
24059
23543
24763
25998
9789
12138
3057
32168
27496
17891
42764
6692
37010
30017
13406
11395
47554
38660
22022
50037
29679
4395
43687
37984
41911
4000
32765
15998
42668
35893
28179
28461
5007
36511
17318
1278
18341
22451
6244
33396
18314
6920
19899
51243
43763
962
39512
39134
12874
34480
27794
17682
36950
20281
37459
6366
30854
20846
11641
49976
1231
33773
8311
39242
45717
52523
34367
47079
7398
11793
45605
9206
1503
30397
49525
32927
2480
45105
8317
31444
14671
43727
11190
1549
11137
21840
38151
40994
9995
4122
17924
52319
45365
28807
41438
17987
41346
466
39124
42748
13256
20164
49531
16074
42571
31725
2720
28107
12410
2033
2689
37617
21610
6569
29965
38156
47004
26972
32936
35281
32822
37781
31282
35341
27070
35688
13
35622
5656
36032
21845
10494
13939
39888
22482
26900
44241
7332
14549
51253
51955
8600
29150
30259
2506
43521
45030
28121
48161
42609
53152
36157
4076
50413
48124
5943
39825
1440
6982
51308
10330
4225
45615
43526
14211
22793
37051
39184
29760
20838
51794
22825
35463
16726
46914
47139
25320
29959
22385
30271
49826
19226
18542
43104
40422
28158
30894
13062
48503
19566
37615
34408
50749
41345
43887
49204
46819
26623
29072
32993
18293
17367
30925
53392
50320
28277
437
31789
39044
10509
9614
27011
49494
1718
34390
26839
------------------------------
1
25202
32743
38019
53364
47299
36115
18855
35052
6060
18883
38471
30173
21197
52098
26094
52354
342
3281
29740
20990
41959
45105
8317
31444
14671
43727
11190
1549
11137
21840
38151
40994
9995
4122
17924
52319
45365
28807
41438
17987
41346
466
9261
14891
1943
2866
5695
14616
47736
21544
14271
2591
38494
26663
34084
43721
46251
44892
4101
13609
18991
33137
5668
10688
9425
44511
25461
25411
2759
30106
8888
52253
5712
16749
9154
11740
22137
36007
8803
14337
13528
36361
37921
3236
31642
1723
13454
46960
46974
52377
48221
19101
2112
44364
2286
16535
38737
20196
36860
20518
52742
51374
5431
31091
2861
28428
811
38579
387
48089
7755
6062
46638
1058
3157
148
------------------------------
148
40045
35951
19448
43879
33188
27759
43235
45305
53589
15195
17316
38432
2010
21499
26038
33137
5668
10688
9425
44511
25461
25411
2759
38593
43057
45022
41478
9218
3131
40878
47133
725
10154
34149
29022
40146
37926
47312
10750
11837
23093
19688
50808
10477
38584
34449
23197
19223
23290
51401
50807
19095
25493
47974
38211
3564
43949
48538
19060
19215
6436
33447
8429
48646
5689
7442
8533
29965
38156
47004
26972
32936
35281
32822
37781
31282
35341
27070
35688
13
35622
5656
36032
21845
10494
13939
39888
22482
26900
44241
7332
14549
51253
51955
8600
29150
30259
2506
43521
45030
28121
48161
42609
53152
36157
4076
50413
48124
5943
39825
1440
6982
51308
10330
4225
45615
43526
14211
22793
37051
39184
29760
20838
51794
22825
35463
16726
46914
47139
25320
29959
22385
30271
49826
19226
18542
43104
40422
28158
30894
13062
48503
19566
37615
34408
50749
41345
43887
49204
46819
26623
29072
32993
18293
17367
30925
53392
50320
28277
437
31789
39044
10509
9614
27011
49494
1718
34390
26839
------------------------------
1
25202
32743
38019
53364
47299
36115
18855
35052
6060
18883
38471
30173
21197
52098
26094
52354
342
3281
29740
20990
41959
45105
8317
31444
14671
43727
11190
1549
11137
21840
38151
40994
9995
4122
17924
52319
45365
28807
41438
17987
41346
466
39124
42748
13256
20164
49531
16074
42571
31725
2720
28107
12410
2033
2689
37617
21610
6569
29965
38156
47004
26972
32936
35281
32822
37781
31282
35341
27070
35688
13
35622
5656
36032
21845
10494
13939
39888
53031
991
4800
48495
21484
36266
10853
34821
42626
27742
22742
38362
11002
28075
11099
25390
22225
32487
52848
24768
4849
8852
34495
22029
6917
19550
32563
8213
11707
32850
1128
3816
4836
39669
47296
7125
26560
1432
40354
45661
38518
50328
12719
14291
20955
15010
43586
39766
2938
19284
30689
38142
45586
3605
19742
37995
27158
7348
41085
29759
32964
34890
44710
40619
21790
9947
19551
39525
284
19862
43679
11910
41282
44645
41016
37871
7884
44096
47590
49613
21874
6168
487
26524
38707
41341
4420
25030
45936
47423
27328
5241
29261
8919
24973
1623
4047
33718
33115
13890
45253
46095
30508
24584
12167
42414
39830
53118
24663
21165
39985
52917
32633
27347
10184
23671
52614
22972
36899
35775
28406
1112
31073
32939
42388
8958
29422
36072
12985
26209
31934
26618
34139
53450
18905
44065
500
------------------------------
500
29247
23944
38397
51960
37729
3619
7334
26209
31934
26618
34139
53450
18905
44065
4740
44631
13580
50334
15532
35066
18228
31262
27319
30530
312
53456
36381
27855
3515
50703
43520
8808
27703
30494
41824
21510
49602
52388
41860
19948
38224
40709
9742
22368
51650
21301
11124
31907
11373
1611
20418
38213
34686
10396
50095
16105
21787
5403
28276
3929
28987
30839
26953
9176
15875
16561
646
19303
12401
9086
11251
39157
20104
20586
41005
10956
20914
27771
3147
11809
46983
41314
35402
8370
44228
33084
40354
45661
38518
50328
12719
37885
36123
38462
42383
19734
2420
14957
20174
18513
45674
10332
27893
28245
2979
44229
33798
46666
14461
52309
8819
45777
20918
31156
25361
45104
19100
3250
16529
1242
39457
26283
31477
35206
15186
14415
11731
32287
5130
6898
30919
49286
19121
3453
44666
1648
25483
28199
10289
46258
33270
3335
42743
5639
19544
31761
37615
34408
50749
41345
43887
49204
46819
26623
29072
32993
18293
17367
30925
53392
50320
28277
437
31789
39044
10509
9614
27011
49494
1718
34390
26839
------------------------------
1
25202
32743
38019
53364
47299
36115
18855
35052
6060
18883
38471
30173
21197
52098
26094
52354
342
3281
29740
20990
41959
45105
8317
31444
14671
43727
11190
1549
11137
21840
38151
40994
9995
4122
17924
52319
45365
28807
41438
17987
41346
466
39124
42748
13256
20164
49531
16074
42571
31725
2720
28107
12410
2033
2689
37617
21610
6569
29965
38156
47004
26972
32936
35281
32822
37781
31282
35341
27070
35688
13
35622
5656
36032
21845
10494
13939
39888
53031
991
4800
48495
21484
36266
10853
34821
42626
27742
22742
38362
11002
28075
11099
25390
22225
32487
52848
24768
4849
8852
34495
22029
6917
19550
32563
8213
11707
32850
1128
3816
4836
39669
47296
7125
1890
20752
24498
45911
12726
8861
36541
4277
6008
35597
22283
46795
44221
48201
14583
27454
1100
------------------------------
1100
102
41705
22551
52778
44257
27619
2426
7974
44531
43311
30785
25044
412
39457
26283
31477
35206
15186
14415
11731
32287
5130
6898
30919
49286
19121
3453
44666
1648
25483
28199
10289
46258
33270
3335
42743
5639
19544
31761
37615
34408
50749
41345
43887
49204
46819
26623
29072
32993
18293
17367
30925
53392
50320
28277
437
31789
39044
10509
9614
27011
49494
1718
34390
26839
------------------------------
1
25202
32743
38019
53364
47299
36115
18855
35052
6060
18883
38471
30173
21197
52098
26094
52354
342
6301
21451
21638
17271
11447
35599
2997
3365
17309
29286
32471
2975
29240
20952
51947
7630
27055
19824
50868
31723
24809
32464
45360
32650
16834
10573
4935
5162
43485
40824
49732
26148
47118
37694
29405
29133
38758
49708
13662
25512
36385
48080
37591
12714
6296
27510
32694
47079
7398
11793
45605
9206
1503
4231
24864
28314
8790
43402
26844
------------------------------
26844
33239
44476
16947
42538
44830
41287
7781
47327
23111
34067
38124
4599
4962
16042
41153
45135
88
185
38550
23550
51714
52266
12652
52123
48839
30845
47512
36730
31209
15922
40662
29368
8681
28380
10125
2621
21364
21680
9120
8237
37316
1164
32751
33127
53396
27338
47443
21186
19917
32347
45244
18776
25656
40295
28469
9666
14459
43543
38631
13759
8794
5855
40911
17862
31951
31362
30268
23037
40159
4641
22223
30700
47525
31904
9311
30145
23091
2093
51411
1526
15997
32748
40282
40163
24116
25394
35768
32670
49153
16608
11013
28693
39300
20431
5079
50071
32449
163
46302
6326
7395
34787
43883
1480
11224
6212
49036
10379
28445
2803
47264
36414
12982
52015
23376
4561
50767
4099
14573
16647
50508
5279
49660
46338
45537
51450
26445
47462
7859
17627
16077
17165
21352
35162
9533
308
42918
39774
15730
44931
44607
19045
4850
15183
10542
52891
32054
37223
4802
6465
6695
41913
8371
23657
29249
16167
19474
27828
18428
42449
11079
23630
32282
18310
42418
50060
19534
4305
36622
5513
1751
33650
37214
20930
39815
36945
29715
4751
18793
35212
48639
43086
47139
25320
29959
22385
30271
49826
19226
18542
43104
40422
28158
30894
13062
48503
19566
37615
34408
50749
41345
43887
49204
46819
26623
29072
32993
18293
17367
30925
53392
50320
28277
437
31789
39044
10509
9614
27011
49494
1718
34390
26839
------------------------------
