1
111442215
20.0
1.3
245878
::::::
2
311624254
10.5
0.6
265499
::::::
3
428215648
30.1
1.5
266478
::::::
4
480486044
8.0
0.3
271000
::::::
5
1254261282
30.0
2.3
271001
::::::
6
1254249670
7.5
0.5
271002
::::::
7
133269292
0.1
1.5
271003
::::::
8
410199074
11.0
0.8
271004
::::::
9
410769901
40.0
3.3
271005
::::::
10
492777155
17.5
1.6
271006
::::::
11
495503571
11.1
1.7
271007
::::::
12
285941889
3.0
0.2
271008
::::::
13
1277601207
11.0
0.6
271009
::::::
14
25503940
30.5
0.6
271010
::::::
15
25504008
4.1
0.5
271011
::::::
16
25503977
7.0
0.2
271012
::::::
17
111634613
40.0
4.5
271013
::::::
18
112288399
1.5
0.1
271014
::::::
19
122410791
22.1
1.1
271015
::::::
20
257735445
8.0
0.3
271016
::::::