0
1
6
------------------------------
6
7
12
------------------------------
12
13
18
23
------------------------------
23
24
------------------------------
0
1
2
3
4
5
6
------------------------------
6
23
------------------------------
12
------------------------------
24
------------------------------
0
1
6
------------------------------
6
7
12
------------------------------
12
13
18
23
------------------------------
23
24
------------------------------
0
1
6
------------------------------
6
7
12
------------------------------
12
13
18
23
------------------------------
23
24
------------------------------
0
1
6
------------------------------
6
7
12
------------------------------
12
13
18
23
------------------------------
23
24
------------------------------
0
1
6
------------------------------
6
7
12
------------------------------
12
13
18
23
------------------------------
23
24
------------------------------
0
1
6
------------------------------
6
7
12
------------------------------
12
13
18
23
------------------------------
23
24
------------------------------
0
1
2
3
12
------------------------------
6
------------------------------
23
------------------------------
23
24
------------------------------
0
1
6
------------------------------
6
7
12
------------------------------
12
13
18
23
------------------------------
23
24
------------------------------
0
1
2
3
12
------------------------------
6
------------------------------
23
------------------------------
23
24
------------------------------
0
1
6
------------------------------
6
7
12
------------------------------
12
13
18
23
------------------------------
23
24
------------------------------
0
1
2
3
12
------------------------------
6
------------------------------
23
------------------------------
23
24
------------------------------
0
1
6
------------------------------
6
7
12
------------------------------
12
13
18
23
------------------------------
23
24
------------------------------
0
1
2
3
12
------------------------------
6
------------------------------
23
------------------------------
23
24
------------------------------
0
1
6
------------------------------
6
7
12
------------------------------
12
13
18
23
------------------------------
23
24
------------------------------
0
1
2
3
12
------------------------------
6
------------------------------
23
------------------------------
23
24
------------------------------
0
1
6
------------------------------
6
7
12
------------------------------
12
13
18
23
------------------------------
23
24
------------------------------
0
1
2
3
12
------------------------------
6
------------------------------
23
------------------------------
23
24
------------------------------
0
1
6
------------------------------
6
7
12
------------------------------
12
13
18
23
------------------------------
23
24
------------------------------
0
1
2
3
12
------------------------------
6
------------------------------
23
------------------------------
23
32
41
50
59
68
69
78
79
80
------------------------------
0
1
6
------------------------------
6
7
12
------------------------------
12
13
18
23
------------------------------
23
24
------------------------------
0
1
2
3
12
------------------------------
6
------------------------------
23
------------------------------
23
32
41
50
59
68
69
78
79
80
------------------------------
0
1
6
------------------------------
6
7
12
------------------------------
12
13
18
23
------------------------------
23
24
------------------------------
0
1
2
3
12
------------------------------
6
------------------------------
23
------------------------------
23
32
41
50
59
68
69
78
79
80
------------------------------
0
1
6
------------------------------
6
7
12
------------------------------
12
13
18
23
------------------------------
23
24
------------------------------
0
1
2
3
12
------------------------------
6
------------------------------
23
------------------------------
23
32
41
50
59
68
69
78
79
80
------------------------------
0
1
6
------------------------------
6
7
12
------------------------------
12
13
18
23
------------------------------
23
24
------------------------------
0
1
2
3
12
------------------------------
6
------------------------------
23
------------------------------
23
32
41
50
59
68
69
78
79
80
------------------------------
0
1
6
------------------------------
6
7
12
------------------------------
12
13
18
23
------------------------------
23
24
------------------------------
0
1
2
3
12
------------------------------
6
------------------------------
23
------------------------------
23
32
41
50
59
68
69
78
79
80
------------------------------
0
1
6
------------------------------
6
7
12
------------------------------
12
13
18
23
------------------------------
23
24
------------------------------
0
1
2
3
12
------------------------------
6
------------------------------
6
15
24
33
42
51
60
61
70
79
------------------------------
79
80
------------------------------
0
1
2
3
4
5
6
------------------------------
6
7
8
9
10
11
12
------------------------------
79
------------------------------
79
96
113
130
147
164
181
198
215
216
233
250
251
252
269
286
287
288
------------------------------
0
1
6
------------------------------
6
7
12
------------------------------
12
13
18
23
------------------------------
23
24
------------------------------
0
1
2
3
12
------------------------------
6
------------------------------
6
15
24
33
42
51
60
61
70
79
------------------------------
79
80
------------------------------
0
1
2
3
4
5
6
------------------------------
6
7
8
9
10
11
12
------------------------------
79
------------------------------
79
96
113
130
147
164
181
198
215
216
233
250
251
252
269
286
287
288
------------------------------
0
1
6
------------------------------
6
7
12
------------------------------
12
13
18
23
------------------------------
23
24
------------------------------
0
1
2
3
12
------------------------------
6
------------------------------
6
15
24
33
42
51
60
61
70
79
------------------------------
79
80
------------------------------
0
1
2
3
4
5
6
------------------------------
6
7
8
9
10
11
12
------------------------------
79
------------------------------
79
96
113
130
147
164
181
198
215
216
233
250
251
252
269
286
287
288
------------------------------
0
1
2
3
12
------------------------------
6
------------------------------
6
15
24
33
42
51
60
61
70
79
------------------------------
79
80
------------------------------
0
1
2
3
12
------------------------------
6
------------------------------
6
15
24
33
42
51
60
61
70
79
------------------------------
79
80
------------------------------
0
1
2
3
12
------------------------------
6
------------------------------
6
15
24
33
42
51
60
61
70
79
------------------------------
79
80
------------------------------
0
1
2
3
12
------------------------------
6
------------------------------
6
15
24
33
42
51
60
61
70
79
------------------------------
79
80
------------------------------
0
1
2
3
12
------------------------------
6
------------------------------
6
15
24
33
42
51
60
61
70
79
------------------------------
79
80
------------------------------
0
1
6
------------------------------
6
7
12
------------------------------
12
13
18
23
------------------------------
23
24
------------------------------
0
1
6
------------------------------
6
7
12
------------------------------
12
13
18
23
------------------------------
23
24
------------------------------
0
1
6
------------------------------
6
7
12
------------------------------
12
13
18
23
------------------------------
23
24
------------------------------
0
1
6
------------------------------
6
7
12
------------------------------
12
13
18
23
------------------------------
23
24
------------------------------
0
1
6
------------------------------
6
7
12
------------------------------
12
13
18
23
------------------------------
23
24
------------------------------
0
1
6
------------------------------
6
7
12
------------------------------
12
13
18
23
------------------------------
23
24
------------------------------
0
1
2
3
4
5
6
------------------------------
6
23
------------------------------
12
------------------------------
12
29
46
63
80
97
114
131
148
165
182
199
216
217
234
251
252
253
254
271
288
------------------------------
0
1
2
3
4
5
6
------------------------------
6
23
------------------------------
12
------------------------------
12
29
46
63
80
97
114
131
148
165
182
199
216
217
234
251
252
253
254
271
288
------------------------------
0
1
2
3
4
5
6
------------------------------
6
23
------------------------------
12
------------------------------
12
29
46
63
80
97
114
131
148
165
182
199
216
217
234
251
252
253
254
271
288
------------------------------
0
1
2
3
4
5
6
------------------------------
6
23
------------------------------
12
------------------------------
12
29
46
63
80
97
114
131
148
165
182
199
216
217
234
251
252
253
254
271
288
------------------------------
0
1
2
3
4
5
6
------------------------------
6
23
------------------------------
12
------------------------------
12
29
46
63
80
97
114
131
148
165
182
199
216
217
234
251
252
253
254
271
288
------------------------------
0
1
2
3
4
5
6
------------------------------
6
23
------------------------------
12
------------------------------
12
29
46
63
80
97
114
131
148
165
182
199
216
217
234
251
252
253
254
271
288
------------------------------
0
1
2
3
4
5
6
------------------------------
6
23
------------------------------
12
------------------------------
12
29
46
63
80
97
114
131
148
165
182
199
216
217
234
251
252
253
254
271
288
------------------------------
0
1
2
3
4
5
6
------------------------------
6
23
------------------------------
12
------------------------------
12
29
46
63
80
97
114
131
148
165
182
199
216
217
234
251
252
253
254
271
288
------------------------------
90379359
314042698
122586155
90379613
------------------------------
90379359
314042698
------------------------------
314042698
122586155
------------------------------
122586155
90379613
428214870
128664377
------------------------------
128664377
848507147
90379614
------------------------------
90379359
314042698
------------------------------
314042698
122586155
------------------------------
122586155
90379613
428214870
128664377
------------------------------
128664377
848507147
90379614
------------------------------
90379359
314042698
------------------------------
314042698
122586155
------------------------------
122586155
90379613
428214870
128664377
------------------------------
128664377
848507147
90379614
------------------------------
90379359
314042698
------------------------------
314042698
122586155
------------------------------
122586155
90379613
428214870
128664377
------------------------------
128664377
848507147
90379614
------------------------------
90379359
314042698
------------------------------
314042698
122586155
------------------------------
122586155
90379613
428214870
128664377
------------------------------
128664377
848507147
90379614
90379615
90379616
90379617
128664380
------------------------------
90379359
314042698
------------------------------
314042698
122586155
------------------------------
122586155
90379613
428214870
128664377
------------------------------
128664377
848507147
90379614
90379615
90379616
90379617
128664380
------------------------------
90379359
314042698
------------------------------
314042698
122586155
------------------------------
122586155
90379613
428214870
128664377
------------------------------
128664377
848507147
90379614
90379615
90379616
90379617
128664380
------------------------------
90379359
------------------------------
90379359
314042698
------------------------------
314042698
122586155
------------------------------
122586155
90379613
428214870
128664377
------------------------------
128664377
848507147
90379614
90379615
90379616
90379617
128664380
90379618
------------------------------
90379618
311887529
128664381
90379619
------------------------------
90379359
------------------------------
90379359
314042698
------------------------------
314042698
122586155
------------------------------
122586155
90379613
428214870
128664377
------------------------------
128664377
848507147
90379614
90379615
90379616
90379617
128664380
90379618
------------------------------
90379618
311887529
128664381
90379619
------------------------------
